Fecha: 2026-01-21 13:16:49, Latitude: 42.37896312335581, Lonxitude: -7.8945350646972665
Fecha: 2026-01-21 13:16:59, Latitude: 42.35613375967782, Lonxitude: -7.861061096191407
